   0.0155685   -0.0963558   -0.0956259   -0.0231094     0.331515   -0.0556525    -0.307215   -0.0406742    -0.016435     0.115276     0.564308     0.311687     0.233261   -0.0151292   -0.0206196   -0.0809678    -0.108513     0.173284     0.227043    0.0457518    0.0101668     0.253647     0.013879    -0.154356   -0.0771577   0.00138213    -0.010357   0.00637311  -0.00811445   0.00283114     0.296874    0.0520196  -0.00828828
 -0.00845508   -0.0328833   -0.0144014   -0.0122204    0.0389237    0.0265211    0.0119879   -0.0258154  -0.00868329     0.111695    0.0844079     0.118703     0.105798  -0.00394655    0.0139822   -0.0112208     0.160587    -0.250156    -0.212579    0.0843054    -0.248943    -0.343735     0.143248     0.164794         0.17    0.0247741    -0.610428    -0.293287    0.0510563  -0.00546589     0.296874    0.0520195  -0.00828827
  -0.0243636   -0.0141276   -0.0662559   -0.0949484   -0.0168869    -0.122615     0.140075   0.00798645   -0.0182864    0.0717509     0.114177    -0.278144      0.22447   -0.0523246    0.0354586     0.278904     0.145674    -0.635725     0.124354    0.0820343     0.276317   0.00866514     -0.23323   -0.0774858   -0.0999592   -0.0162677     0.187755    0.0388221    0.0202513  -0.00476887     0.296874    0.0520196  -0.00828825
    -0.11304    0.0897828    -0.205313    -0.102633    -0.305678    -0.325829    0.0548553     0.349994    0.0614668    -0.384303     0.160288     0.208078    -0.175165  -0.00262185    0.0157022     0.282467     0.232588     0.188069   -0.0507968    -0.027046    -0.126653   -0.0341624     0.133506    0.0878074      0.08328     0.010467     0.152554     0.114434   -0.0183953  -0.00233297     0.296874    0.0520196  -0.00828828
   -0.261849     0.450852   -0.0718325      0.32703    -0.249112      0.25809    -0.298612   -0.0130493   -0.0168446    0.0673763     0.129145    -0.257041  -0.00621513   0.00815272     -0.11789   -0.0940121    -0.351904   -0.0234609    -0.128459   -0.0371653   -0.0292159    -0.108164    0.0132093     0.130884    0.0295148  -0.00700664     0.121716    0.0920494   -0.0198426  2.43695e-05     0.296874    0.0520196  -0.00828827
    0.481191     0.216601     0.588691  -0.00502872     -0.29766    -0.159683     0.121385    -0.197789   -0.0236536    0.0612592   -0.0895319     0.206252    0.0867309  -0.00576752   -0.0144618    0.0890991    -0.179355    0.0644758    0.0502568    0.0118749  -0.00138064    0.0741066    0.0130518  -0.00936641  0.000382614  -0.00355712    0.0133772    0.0192803   -0.0145182   0.00186808     0.296874    0.0520196  -0.00828828
  -0.0418064    -0.428486     0.122913     0.199075    -0.136221     0.399235     0.111362     0.224709    0.0629628    -0.352341    -0.175867    -0.158646    0.0740711    0.0038854    -0.152172    -0.071098   -0.0534059   0.00280421     0.254961     0.114714    -0.105036     0.250018     0.100676    -0.163934  -0.00616999  0.000558672    -0.119918    -0.064975    0.0021934   0.00476583     0.296874    0.0520196  -0.00828828
  -0.0175072   -0.0823859   0.00435668   -0.0460079   0.00818841     0.179207      0.15332     0.041715   -0.0100945     0.207746    0.0643834   -0.0189565    -0.522561    0.0178843    0.0841778    0.0855848     0.012727      0.24934    -0.170339    -0.137488     0.239391    -0.104997    -0.301493    -0.219923    -0.386279   0.00112744    -0.160676    -0.117833   0.00504847   0.00887415     0.296874    0.0520196  -0.00828826
  -0.0164108   -0.0281551   -0.0485032   -0.0805924    0.0514044   -0.0354006     0.131452   -0.0694946     -0.02851     0.196662   -0.0865943     -0.21153   -0.0429085    0.0121246     0.125223    -0.307082     0.227396     0.224177    0.0322532     -0.14969      0.35803     0.213981    0.0980414     0.203125     0.550425    0.0012424    0.0844683   -0.0692333    0.0657207  -0.00124082     0.296874    0.0520196  -0.00828827
  -0.0187514   -0.0225071   -0.0576301   -0.0519826    0.0865502   -0.0486581     0.044392    -0.118429   -0.0143514     0.108371    -0.268704    0.0136397     0.129052    0.0384366    0.0871115    -0.457435     0.300543    0.0231713   -0.0557935    0.0257595    -0.396827    -0.175455    0.0152742   -0.0716432    -0.340028  -0.00475101     0.302145     0.239034   -0.0685182  -0.00476695     0.296874    0.0520196  -0.00828828
  0.00542492   -0.0523351    -0.156399    -0.109582     0.488977    -0.115216    -0.163003    -0.159154    0.0124291    -0.203493    -0.496012    0.0659598    -0.106532 -0.000693826   -0.0565126     0.285762    -0.386337   -0.0159789   -0.0709014   -0.0130501      0.02415   -0.0339054   0.00383705     0.110098    0.0759919  -0.00796929    0.0393639     0.035336   -0.0148813  0.000212127     0.296874    0.0520196  -0.00828827
  -0.0138221    -0.015536   -0.0174755   -0.0572456    0.0109765   -0.0067619    0.0684102    -0.131657   -0.0569572    0.0274257    0.0485896   -0.0584138    0.0363529     0.125627    -0.364233    0.0610049    0.0923044    0.0428073    -0.406582     0.233734     0.143666     0.128771     0.311895    -0.179166   -0.0420649    -0.446055      0.05375   -0.0407798    -0.235583     -0.24891    0.0339411    -0.152625     0.257803
  -0.0285136   -0.0145503   -0.0146671   -0.0934013   -0.0197543    0.0040593    0.0650954    -0.159329    -0.122852   -0.0664495    0.0695196   -0.0347694  -0.00976383      0.27497    -0.265268   0.00621565    0.0503383    0.0285488    -0.195324     0.128764    -0.130605     0.221282    -0.252547     0.101781    0.0198635     0.118388   -0.0705756     0.198883     0.493635     0.443366    0.0339411    -0.152625     0.257803
  -0.0540266  -0.00402318   0.00947782    -0.124458   -0.0551619     0.067958    0.0012078    -0.133628    -0.226427     -0.16854    0.0731466    0.0178398   -0.0433115     0.406791     0.114833   -0.0368725   -0.0233509   -0.0266251     0.111104   0.00749777     -0.14498    0.0543762    -0.345753     0.163801    0.0864864     0.277583    0.0454881    -0.197076    -0.405164    -0.352431    0.0339411    -0.152625     0.257803
  -0.0829526   0.00746481    0.0712671    -0.111846   -0.0500485     0.118959    -0.104948    0.0102465    -0.361449    -0.133581   -0.0181985    0.0348563    0.0451507     0.237486     0.498687    0.0259605   -0.0794223   -0.0482822     0.176656    -0.150987     0.147668    -0.206674     0.322476    -0.134001   -0.0621407    -0.286524   -0.0384675    0.0804989     0.183187      0.14956    0.0339411    -0.152625     0.257803
  -0.0743512    0.0247632     0.191322    0.0710696     0.114824    -0.118418    -0.125007     0.514427    -0.510881     0.221589    -0.171999    0.0342621   0.00227996    -0.400171   -0.0728689   -0.0107613    0.0238463   0.00886483   -0.0544854    0.0941357   -0.0500916    0.0962253    -0.118274    0.0455002    0.0168591    0.0695887    0.0045023   -0.0191012   -0.0216371   -0.0333793    0.0339411    -0.152625     0.257803
    0.496819   -0.0252392    -0.479633     0.600313  -0.00501869   -0.0731448     0.180169   0.00327289   -0.0113138    0.0338548   -0.0102599    0.0534862   -0.0128542  -0.00279639     0.160826   0.00144003   -0.0410878   -0.0159166   0.00620142    0.0168178   0.00416749  0.000181389   -0.0221952   0.00402506   0.00678025  -0.00658638   0.00410822  -0.00201926    0.0128476   -0.0029378    0.0339411    -0.152625     0.257803
  -0.0718567    0.0331427     0.188539    0.0763795     0.119424    -0.139254    -0.103207     0.397426     0.556635     0.309905    -0.121235     -0.01414    0.0382521      0.42819   -0.0391943    0.0541536  0.000178625   -0.0052045     0.150592   -0.0845449   -0.0297163   -0.0597181   -0.0441231    0.0195464    0.0220599     -0.10321  -0.00585612   -0.0150527  -0.00824893    0.0321981    0.0339411    -0.152625     0.257803
  -0.0806563    0.0178512    0.0690503    -0.103508   -0.0491833    0.0975971    -0.102805   -0.0572584     0.388684   -0.0651215    -0.015058    0.0231708    0.0238842    -0.264804     0.454036    -0.023238   -0.0433557   -0.0371168    -0.311711     0.282809    0.0855119     0.207745     0.114632   -0.0566107   -0.0575269     0.348946  -0.00416565    0.0628555     0.135431    -0.181475    0.0339411    -0.152625     0.257803
  -0.0520239    0.0013967   0.00973044    -0.117149   -0.0527506    0.0559365  -0.00180759    -0.163837     0.229573    -0.130075    0.0628332    0.0256185   -0.0649178    -0.418239    0.0814679   -0.0883057   -0.0140622  -0.00748182     0.105904   -0.0228524     -0.13095   -0.0184269    -0.281284     0.104588    0.0999637     -0.42892    0.0284322    -0.148084    -0.300176     0.407013    0.0339411    -0.152625     0.257803
  -0.0267281   -0.0115346   -0.0126513   -0.0872741   -0.0207731  0.000766109    0.0617158    -0.162905    0.0936711   -0.0535145    0.0533046   -0.0299719   -0.0310447    -0.275782    -0.262534   -0.0233218   0.00324097    0.0410063     0.282514    -0.305146   -0.0640455    -0.190096   -0.0589343    0.0408293  -0.00824623   -0.0844803   -0.0638638     0.130131     0.413889    -0.536937    0.0339411    -0.152625     0.257803
  -0.0118885   -0.0137353   -0.0149597   -0.0528798   0.00746647  -0.00769669    0.0611755    -0.116758    0.0213167    0.0245064    0.0293564   -0.0519387    0.0159722    -0.111271    -0.305751    0.0337246    0.0313703    0.0193997     0.135133    -0.200228     0.169375    -0.233665     0.374108    -0.110293   -0.0820341      0.54127    0.0466479   -0.0502562    -0.268182     0.323933    0.0339411    -0.152625     0.257803
 -0.00626809    -0.015638   -0.0050499   -0.0244133    0.0082489    0.0190101    0.0521863   -0.0297519   -0.0105419    0.0851686    0.0341014   -0.0252383    -0.110801   0.00346725    -0.012666    0.0457871    -0.028323    0.0516543     0.182554     0.270753   -0.0320214   0.00798544     0.221216     0.435159     -0.30822   -0.0339573     0.310001    -0.527036     0.246435    0.0139539    0.0402832    -0.254772    -0.156134
  -0.0160726   -0.0511422  -0.00912547   -0.0499002       0.0153    0.0953451     0.128616   -0.0289951   -0.0145554     0.221953    0.0719559    0.0396192    -0.328962   -0.0104353    0.0272436    0.0457183    -0.038126     -0.18454     0.193156    0.0893859   -0.0624012     0.200665     0.205119     0.334894   -0.0593923   -0.0356518    -0.231058     0.560084    -0.241185   -0.0176145    0.0402832    -0.254772    -0.156134
  -0.0235216    -0.104542    0.0123314   -0.0416885    0.0107508     0.218975      0.13905    0.0139421    -0.011714     0.214345     0.082838      0.24523    -0.211038   0.00121146  -0.00164425    0.0758131    -0.135932    -0.233395    -0.116774    -0.103792    -0.294149   -0.0450593    0.0424351    -0.374017     0.415114    0.0412908      0.38263   -0.0765067     0.104223   0.00202387    0.0402831    -0.254772    -0.156134
  -0.0334328    -0.232652    0.0585828    0.0645859    -0.014436     0.301419     0.102261    0.0897076    0.0248733   -0.0338638   0.00731933     0.297397     0.449929  -0.00835409   -0.0190692     0.105536    0.0177221     0.142793     -0.27456    -0.187073      0.26987    -0.206179    -0.170214     0.330978   -0.0424437   -0.0132786     0.124611     0.162784   -0.0585899  -0.00510329    0.0402832    -0.254772    -0.156134
 -0.00187247    -0.459456     0.257124     0.292652   -0.0824424    -0.382922    -0.432352    -0.181461   -0.0169248    -0.115169     0.111061    -0.207285    -0.198267   0.00904221    0.0280171   -0.0604405    0.0879521   -0.0682328    -0.148689   -0.0908125    0.0326616    -0.110107   -0.0316137   0.00280273    0.0287325   0.00569639    0.0353446    0.0345483   -0.0041969  -0.00173054    0.0402831    -0.254772    -0.156134
    0.582233      0.18769   -0.0945336    -0.344497    0.0735936     0.262283    -0.362589     0.251132     0.040654    -0.170084    0.0318378    -0.225016   -0.0460251    0.0133669   -0.0856219   -0.0893705     0.162807   -0.0453176    -0.057648   -0.0628167   0.00859117    -0.028412   -0.0233737   -0.0293003   0.00612949   0.00386739    -0.020514    0.0080097  -0.00358397 -0.000650767    0.0402831    -0.254772    -0.156134
    -0.13513     0.412025     0.285674     0.292932     0.482874    -0.033217     0.305867    0.0123442    0.0194853    -0.384117     0.131039   -0.0212596   -0.0554512   0.00288149    0.0351032    -0.104266     0.165279   -0.0383965    -0.013039   -0.0311329    0.0478571    0.0150772    -0.011084   -0.0955973  -0.00785091   0.00983051   -0.0533132    -0.013461   0.00650902 -0.000348327    0.0402831    -0.254772    -0.156134
   -0.168357     0.208102    -0.122398     0.150147    -0.153211     0.102643    -0.271072    -0.259081   -0.0203682     0.138987    -0.321752      0.13315     0.114467   -0.0214327    0.0109962     0.338066     0.414882     0.102967     0.162367   -0.0989106   -0.0366952     0.260964   -0.0535031    -0.183707   -0.0238985   0.00405839    -0.144973   -0.0984259  -0.00955696   0.00510944    0.0402831    -0.254772    -0.156134
   -0.115361    0.0753475    -0.188308   -0.0889794    -0.240235    -0.203547   -0.0182729    0.0678171    0.0252183   -0.0888307    -0.190038     0.353951   -0.0511301    0.0529966    -0.164231    -0.457393    -0.181652    -0.164228     0.114432     0.231279     0.361355   -0.0860106    -0.126663    -0.166289    0.0024624   0.00262963     -0.14203    -0.038293    0.0352901  -0.00201281    0.0402831    -0.254772    -0.156134
  -0.0616972  -0.00432169    -0.143643    -0.162026   -0.0996612    -0.277281      0.21068    0.0866489  -0.00999215    0.0309516  0.000995604    -0.234947     0.242125    -0.015629      0.09018   -0.0729743    -0.326939   0.00892822    -0.191561    -0.454984    -0.201174     0.324152    0.0615561   -0.0506905    -0.185744   -0.0116503    -0.174519    -0.147739   -0.0382314    0.0110398    0.0402831    -0.254772    -0.156134
  -0.0205196   -0.0154131   -0.0506537    -0.088813 -0.000781055    -0.102709     0.145625   -0.0223024   -0.0261345     0.100658    0.0406414    -0.355601     0.195153    -0.027115     0.091692     0.173524    -0.137668     0.427767     0.149761     0.438104   -0.0938934    -0.333076    -0.113874    -0.204232     0.175111    0.0271649   -0.0861804     0.136036   -0.0371132  -0.00466682    0.0402832    -0.254772    -0.156134