  0.00580015   -0.0500569      -0.1348   -0.0760796    -0.297355     0.183201    -0.097498    -0.217523   -0.0358393     0.596999    -0.363946     0.287718    0.0355756    -0.109872    -0.129096   -0.0723349   -0.0654599   -0.0339107    -0.248906     0.111444  -0.00606129   -0.0894403   -0.0214116   -0.0489894   0.00983011    0.0215305   -0.0575091    0.0149647    0.0287474 -0.000649264     0.180214     0.240979    0.0190032
   -0.003895   -0.0116484   -0.0118554  -0.00713793   -0.0206373   -0.0143699   0.00257402   -0.0116661  0.000782219    0.0378653    -0.128058   -0.0080568   0.00314835    0.0170762     0.115702     0.150421    0.0828106    0.0462675     0.375001    -0.145169     0.499361     0.233156    0.0542203    -0.258784  -0.00650125     -0.54929   0.00223148    0.0551235    0.0468747   -0.0492661     0.180214     0.240979    0.0190032
 -0.00796246  -0.00215309    -0.019762   -0.0349991    0.0094753   -0.0661546   -0.0672103    0.0659761   0.00656951    0.0545789    0.0482141    -0.113984    -0.017877   -0.0997271     0.398838   -0.0495022    -0.196144    -0.029612    -0.126487    0.0194534     0.205657     0.508682    0.0974242     0.460508   -0.0182196     0.273681   -0.0937902   -0.0127547    -0.171569     0.109447     0.180214     0.240979    0.0190032
  -0.0565802    0.0269151   -0.0945129    -0.161006     0.177329    -0.186877    -0.291151     0.317959    0.0274077     0.193736     0.323997     0.144563    0.0315865    0.0336055    -0.229928    -0.148542    -0.350704    0.0668572     0.389187    -0.132842   -0.0364799    -0.172961   -0.0479548   -0.0738631    0.0205459     0.187475   -0.0405416   -0.0220486    0.0595471  -0.00594934     0.180214     0.240979    0.0190032
   -0.300222     0.443443   -0.0608383    0.0785633      0.37749     0.385106     0.223789    -0.176782   -0.0187518    0.0798423      0.21133       -0.185   -0.0185316   0.00207774   -0.0694162     0.335815   -0.0274444   -0.0136762    -0.123198    0.0368906  -0.00575057   -0.0909635   -0.0157463   -0.0507386   0.00933526    0.0574164   -0.0618679    0.0103619    0.0284923   0.00384302     0.180214     0.240979    0.0190032
    0.428018    0.0183308     0.632122     0.235214     0.287991    -0.129383    -0.168578   -0.0780859  -0.00875534    -0.143881    -0.151215     0.124189    0.0185849   -0.0400124   -0.0943922    0.0982549    -0.100029   -0.0191386    -0.168668    0.0696439   0.00536366   -0.0752993   -0.0147693    -0.055163   0.00881274    0.0186958   -0.0540776    0.0126926    0.0271046 -0.000401274     0.180214     0.240979    0.0190032
  -0.0425747    -0.361752   -0.0786406     0.158717    0.0225546    -0.104963     0.574785     0.149828    0.0207128    -0.116473     0.300511     0.188247    0.0152915    -0.201778    -0.107009    -0.284451    0.0903499   -0.0249556    -0.218546     0.140156     0.124522   -0.0520438    -0.010251   -0.0847278  -0.00392165   -0.0523778    -0.041063    0.0196946    0.0326545  -0.00675219     0.180214     0.240979    0.0190032
 -0.00788929   -0.0398411   -0.0185741  -0.00712681   -0.0101733   -0.0897568     0.126052     0.036713     0.013202   0.00134733    -0.185258    -0.378666   -0.0388342     0.368552    -0.181969    -0.213279   -0.0723393   0.00236765    0.0130861   -0.0112088    -0.490273    0.0826494     0.022483     0.255819   -0.0280846    -0.379431    -0.101249     0.109788   0.00612844   -0.0452004     0.180214     0.240979    0.0190033
 -0.00312897  -0.00448389  -0.00880153    -0.011338  -0.00793907   -0.0259379   -0.0106587    0.0112533  0.000720643  -0.00849761   -0.0541033   -0.0690264   -0.0188132    0.0309946     0.136291   -0.0362093     0.178101   0.00856982    0.0268677  -0.00419792    -0.179646   0.00727654    0.0421351    -0.162118   -0.0704502     0.132838     0.816827    -0.262173     -0.16368   -0.0256038     0.180214     0.240979    0.0190032
 -0.00853822  -0.00743355   -0.0258668    -0.030472   -0.0352099   -0.0330544   -0.0506876   0.00728014  0.000188811   -0.0896506    -0.119668    0.0208426   -0.0208802   -0.0101574     0.309938   -0.0155817     0.634742    0.0111854     0.232264     -0.13834    -0.128629    -0.284463   -0.0967518    0.0793683    0.0745342     0.266987    -0.324981     0.065721    0.0797614    0.0202678     0.180214     0.240979    0.0190032
 -0.00302767     -0.01132     -0.17847    -0.144335    -0.503526    0.0821885    -0.241416    -0.104952  -0.00623728    -0.605866     0.118197    -0.010827    0.0107494   0.00924018    -0.148959     0.235409    -0.173883   -0.0139544    -0.150601    0.0541696    0.0119355   -0.0665924  -0.00937794   -0.0613118   0.00411894    0.0224757    -0.043979   0.00863067    0.0259389  0.000265057     0.180214     0.240979    0.0190032
 -0.00355081  -0.00606813  -0.00406067   -0.0101804  -0.00259358   -0.0360241  -0.00496156    -0.027791  -0.00567249  0.000977715   -0.0506122   -0.0979307   -0.0458341    -0.159887   0.00512536    0.0308623  -0.00107853     0.321586     0.205209     0.471773   -0.0144547    -0.177811     0.520766    0.0452741    -0.309511   -0.0227888    -0.148571    -0.272001   -0.0210395   0.00142887     0.181854    -0.150773     0.187365
  -0.0124787   -0.0129844     -0.01224   -0.0425968     0.014627    -0.103283   -0.0313554    -0.049033   -0.0277806    0.0181789   -0.0223661    -0.181728      -0.1508    -0.268508   -0.0321826  -0.00447505   -0.0202798     0.391796   -0.0399863    0.0513644  -0.00769421    -0.028317    0.0244807   0.00458207     0.681079  -0.00829458     0.158267     0.336614  -0.00819954   0.00420346     0.181854    -0.150773     0.187365
  -0.0329029   -0.0282668   -0.0139917   -0.0900486    0.0516353    -0.167524   -0.0294066    -0.150459    -0.102553    0.0166292    0.0216191   -0.0609492    -0.360963     -0.15653    -0.163715   -0.0157995    0.0721148     0.271362    -0.259388    -0.548323    0.0158886    0.0797539    -0.157259   -0.0303036    -0.350841  -0.00711541   -0.0822128    -0.196904    0.0110487  -0.00402003     0.181854    -0.150773     0.187365
  -0.0784134   -0.0485002    0.0448493    -0.128653    0.0621502    -0.061534    0.0697901    -0.228057    -0.294082   -0.0371132    0.0980962     0.353924    -0.493053     0.423528     0.150277  -0.00971348   -0.0749044    -0.305209    0.0771772     0.128424     0.015291    -0.021328    0.0975969    0.0197376     0.127156   0.00372346    0.0247476    0.0313939  0.000186156 -7.50044e-06     0.181854    -0.150773     0.187365
   -0.124936   -0.0410303     0.251816    0.0307144    -0.140405     0.356151   0.00595614     0.490934    -0.587261  -0.00637173   -0.0564207  -0.00867306     0.257404    0.0663472   0.00605976  -0.00412193    0.0145889    0.0465694   -0.0631274    -0.116934   0.00853794    0.0137682   0.00638353   0.00178762   0.00901575   0.00227667  -0.00299459   -0.0224379   0.00161922 -0.000159521     0.181854    -0.150773     0.187365
    0.500583     0.262289    -0.532887     0.483615    0.0271407    0.0375872  -0.00916943     0.162715    0.0212013   -0.0188842   -0.0267272     0.107579    0.0118503     0.138565    0.0335129  -0.00550017  -0.00868098   -0.0177165    -0.040219   -0.0775951   0.00678725    0.0105578    0.0182962   0.00513614    0.0270197   0.00240267   0.00110356    -0.016609   0.00162056 -0.000518861     0.181854    -0.150773     0.187365
   -0.123269   -0.0353084     0.249987    0.0260846    -0.142509     0.336459  -0.00893448     0.316354     0.704942    0.0156581   -0.0351844    0.0666145    -0.258823    0.0684185  -0.00665752  0.000611437     0.004398   -0.0994868   -0.0270044   -0.0873179    0.0120335    0.0037306    0.0451877   0.00703783     0.024376   0.00425965     0.004376   -0.0077817   0.00320953 -0.000536483     0.181854    -0.150773     0.187365
   -0.077408   -0.0431992    0.0451014    -0.129631    0.0636761   -0.0629412    0.0635358    -0.287067     0.223883   -0.0272374     0.100935     0.225146     0.568874     0.392583      0.17102   -0.0341743   -0.0297553     0.358413   -0.0901858   -0.0321393   0.00153863     0.042495    -0.141901   0.00079798    0.0297668   -0.0094824   -0.0143606   -0.0798905  -0.00365841 -0.000155814     0.181854    -0.150773     0.187365
  -0.0324996   -0.0282764   -0.0128649    -0.089249    0.0508515    -0.168185    -0.025554    -0.165036    0.0530067    0.0200874    0.0265366    -0.126525     0.350601    -0.155123    -0.141584  6.52228e-05    0.0710941    -0.514424   -0.0397158    -0.296704    0.0287505   -0.0762581     0.468232     0.018726   -0.0386857    0.0489497    0.0693844     0.242895    0.0116808   -0.0036955     0.181854    -0.150773     0.187365
  -0.0120966   -0.0132271   -0.0116204   -0.0413677    0.0150644    -0.100279    -0.027035   -0.0476537    0.0125856    0.0172044   -0.0173567    -0.194619     0.107623    -0.239039   -0.0204068   0.00951607   -0.0168569    -0.387108     0.106722     0.186305   -0.0614923    0.0697321    -0.417082   -0.0328087     0.255045     -0.12121     -0.13637    -0.554211  -0.00605133    0.0184597     0.181854    -0.150773     0.187365
 -0.00302813  -0.00542853  -0.00408896   -0.0086868  0.000361701    -0.030427  -0.00286565   -0.0149069    0.0017305   0.00087064   -0.0385199   -0.0828396    0.0131203    -0.110356  -0.00144901    0.0327293   -0.0106399   -0.0657823     0.170518     0.321146  -0.00518617     0.083677    -0.464701    -0.039967    -0.454419     0.107279     0.126631     0.538931   0.00958371   -0.0149982     0.181854    -0.150773     0.187365
-0.000602512  -0.00204683  -0.00142498  -0.00155764  -0.00128862  -0.00793414    0.0047503   0.00311143   0.00107385  0.000151516   -0.0187086   -0.0384506   -0.0067854    0.0348583   0.00435185   -0.0305796   0.00668959    0.0103733  -0.00505054    0.0222332    -0.077493      0.12519    0.0513806    -0.162046   -0.0111952    0.0177998    0.0424672  -0.00425544     0.422061     0.820544     0.159252    -0.100527    -0.235462
 -0.00418537   -0.0160428  -0.00896774  -0.00788187  -0.00620055   -0.0490538    0.0431337    0.0129678   0.00742137  0.000656244    -0.119101    -0.217445   -0.0243565     0.193122   -0.0562536    -0.122046   0.00287944  -0.00210738   -0.0427484    0.0626633   -0.0232622     0.304583     0.108581    -0.622948    0.0620109     0.361858    -0.262336    0.0185281    -0.202802    -0.206681     0.159252    -0.100527    -0.235462
  -0.0116713   -0.0514572   -0.0228735  -0.00963928   -0.0129753    -0.115424     0.150063    0.0377368    0.0147238  -0.00257623    -0.265371    -0.285706   -0.0174749     0.281251    -0.170738    0.0016691   -0.0826681  -0.00631306   -0.0224473  -0.00166882     0.539122    -0.418163    -0.132591     0.242181    0.0127978     0.183322     0.102411   -0.0786168   -0.0700502    0.0543093     0.159252    -0.100527    -0.235462
  -0.0289394    -0.167121   -0.0424317    0.0260233   -0.0260395    -0.147435     0.358224    0.0892545    0.0163808  -0.00452867    -0.232843      0.25364    0.0346924    -0.142301    0.0207689     0.576795    -0.224047    0.0299937     0.209293     -0.17371    -0.295174    0.0412632   0.00341544    0.0859683    0.0197478    0.0737777   -0.0151884  -0.00446025    -0.133478   -0.0227363     0.159252    -0.100527    -0.235462
  -0.0287636    -0.550156    -0.035627     0.398548    0.0822326     0.350724    -0.297998    -0.296698   -0.0374327    0.0668097     0.244889    -0.111979  -0.00927061   0.00854083   -0.0329128   0.00503604    0.0179055    0.0187177     0.161648   -0.0657249   -0.0411241  -0.00578647   -0.0170121     0.104531   0.00261608   -0.0227195   0.00993265    0.0023996    -0.118454   -0.0227672     0.159252    -0.100527    -0.235462
    0.573879     0.144389     0.126864     -0.44905    -0.138203     0.287221     0.239465   -0.0959875   -0.0160795     0.096496     0.304452   -0.0488314  -0.00775762   -0.0741596   -0.0369097   -0.0841344     0.067436    0.0155409     0.145024   -0.0523018   -0.0190436   0.00512884   -0.0123118    0.0938286  -0.00342945   -0.0433168    0.0118618   0.00568972    -0.117305   -0.0253711     0.159252    -0.100527    -0.235462
   -0.251959     0.453413     0.260896     0.404905    -0.432621    -0.252476    0.0197117    -0.125717   -0.0270801    0.0732964     0.198758     0.110645    0.0129604   -0.0596497   -0.0508791    -0.174769    0.0474944    0.0153133     0.121878   -0.0288307   -0.0165204    0.0149722   -0.0142305    0.0947203 -0.000522424   -0.0587317    0.0144726   0.00633125    -0.117923   -0.0273356     0.159252    -0.100527    -0.235462
   -0.162912     0.169218    -0.124322    -0.110666     0.311943     0.240003   -0.0645098   -0.0630706  0.000884844    -0.388104    -0.359483     0.278016    0.0286289    -0.243939  -0.00996598     -0.44207    -0.104329  -0.00812484    0.0734164    -0.046713    -0.012402   0.00636969  -0.00634221    0.0750104   -0.0105798   -0.0977811    0.0215169    0.0105147     -0.12111   -0.0294608     0.159252    -0.100527    -0.235462
  -0.0612965     0.021584   -0.0985665    -0.159779     0.176395    -0.150609     -0.26857     0.241669    0.0199653     0.049078     0.103165     0.199268    0.0180172    0.0941339    -0.342781     0.235451     0.468522  -0.00249779    -0.228204     0.240824    0.0390519      0.21626    0.0146436     0.178995    0.0255492    -0.144951    0.0259334     0.010696    -0.128074   -0.0319094     0.159252    -0.100527    -0.235462
  -0.0213265 -0.000670685   -0.0481956   -0.0812558    0.0448974    -0.135425    -0.164827     0.178596    0.0185733    0.0969655      0.13495   -0.0994575   -0.0226199   -0.0593218     0.535271    0.0331096    -0.154407   -0.0667583     -0.34194    0.0110385    -0.089897    -0.376148   -0.0279967    -0.188716   -0.0893259      -0.3291    -0.060699    0.0939415    -0.175193 -0.000161848     0.159252    -0.100527    -0.235462
 -0.00222232  -0.00110936  -0.00535158   -0.0096465   0.00185987    -0.019589    -0.019443    0.0181382   0.00156898    0.0117559   0.00929344      -0.0397  -0.00603407   -0.0325343     0.140048   0.00153717   -0.0454757  -0.00413759   -0.0708684      0.03219   -0.0032576    0.0863314    0.0324637    0.0984745  -0.00766898    0.0598435     0.109628   -0.0607684     0.762328     -0.50843     0.159252    -0.100527    -0.235462