 0.000645715   -0.0326043    -0.136468    -0.097381    -0.320228     0.140418    -0.157317   -0.0105982    -0.365157    -0.634657      0.23555  -0.00053287    -0.139463     -0.10454   -0.0848308    -0.217651   0.00710845   -0.0655365     0.171566    0.0561934    0.0140053   0.00999277     0.059977   -0.0203598    0.0534403   0.00914962   -0.0949228   -0.0546496    0.0103722  -0.00642168    -0.173807     0.114288    -0.218047
 -0.00270578  -0.00571134  -0.00960325   -0.0052571   -0.0123137   -0.0182345   -0.0143251  0.000702469   0.00199176   -0.0509199    0.0820774  -0.00678175     0.103336     0.105924   -0.0501815     0.360872   -0.0571644    0.0881692    -0.291105    0.0500188     0.614772     0.229739    -0.306167   -0.0390498    -0.249159    0.0145573    -0.231258   -0.0614939    0.0172515   -0.0162918     -0.17358     0.114288    -0.218047
 -0.00135921 -0.000438066  -0.00295966  -0.00499345   0.00282038  -0.00802634   -0.0130543 -0.000550777    0.0185449   -0.0194397   -0.0261944 -0.000754117    0.0273443   0.00518038   0.00112184    0.0453083    0.0192762    0.0851153   -0.0773164     0.246545   -0.0198583    0.0346562   -0.0417101     0.112348   -0.0802727   -0.0431246     0.829982    -0.322122    -0.116212    0.0112473    -0.173132     0.114288    -0.218047
  -0.0353517    0.0196912   -0.0582125    -0.115226     0.136081     -0.01831    -0.181914  -0.00517008     0.344202    -0.211388    -0.471908  -0.00320809    -0.189623    0.0882616   -0.0442091    -0.243735    0.0765199     0.211922    -0.413866    -0.203803   -0.0204926   -0.0284081     0.174159   -0.0578965     0.196165     0.023753   -0.0944269    -0.029151    0.0218294  -0.00847858    -0.174029     0.114288    -0.218047
   -0.283821     0.389335   -0.0561293    -0.115578     0.378711     0.351603      0.31718   0.00930065    -0.307808     0.173867    -0.139921  -0.00330856     0.204042    0.0994277    -0.177471    -0.127748   0.00141234    -0.063941     0.147875    0.0341506    0.0138764   0.00534789    0.0676919   -0.0237411    0.0666479   0.00916187   -0.0930648   -0.0553909    0.0104546  -0.00674891    -0.173818     0.114288    -0.218047
    0.379343   -0.0422141      0.60449     0.342802     0.325677   -0.0407254    -0.218544  0.000485374    0.0146955    0.0623431     0.170409  -0.00171211   -0.0197018   -0.0172384    -0.116889    -0.179899   0.00617812   -0.0563923     0.143809    0.0474776    0.0243652    0.0125354    0.0542075   -0.0211871    0.0528819   0.00923372   -0.0951633   -0.0534385    0.0104193  -0.00677821    -0.173805     0.114288    -0.218047
  -0.0453423     -0.30056    -0.149369     0.152498    0.0025145    -0.338689     0.562116 -5.29261e-05    0.0474022     0.124375    -0.101859     0.020327    -0.360581    -0.332288    0.0622482    -0.076179   0.00104096   -0.0551691     0.161962    0.0862427    0.0897014    0.0385685     0.036956   -0.0212302    0.0256201    0.0107161    -0.101674   -0.0508683    0.0103627  -0.00700413    -0.173809     0.114288    -0.218047
 -0.00429377   -0.0201342   -0.0164849   0.00121183  -0.00361464   -0.0872724    0.0614016   0.00548937    0.0273359   -0.0300605    0.0647987   -0.0107833     0.245195     0.136781     0.512592     -0.18047      0.01834  -0.00446011    0.0061547    -0.276689    -0.339471    -0.203201    -0.321723    0.0763106    -0.376161   -0.0725637     -0.12989    -0.101767   0.00982911 -0.000584875    -0.173932     0.114288    -0.218047
-0.000666704 -0.000941649   -0.0019301  -0.00190318 -0.000735735  -0.00610144   -0.0050707  5.96596e-05   0.00495812  -0.00934556   0.00822167   0.00265729    0.0301001   0.00023934    0.0199078    0.0914787    0.0299688    0.0229037    0.0213971    0.0147741   -0.0559545    0.0281189   -0.0639799    0.0823943    0.0207326    0.0178335     0.213079     0.912941    -0.043859   -0.0135203    -0.175622     0.114288    -0.218047
 -0.00415578   -0.0045942   -0.0129646   -0.0123812   -0.0158258   -0.0195345   -0.0414266  -0.00123391    0.0315103   -0.0126678    0.0973905    0.0102484    0.0382242   -0.0223154    0.0228194      0.73211    -0.110261    -0.107206   -0.0123758    -0.101824    -0.354545    -0.142383     0.291242   -0.0677616     0.235628    0.0119789    -0.112673    -0.137659    0.0183608  -0.00665087    -0.173856     0.114288    -0.218047
 -0.00229061  -0.00182538    -0.160361    -0.143781    -0.493081    0.0449056    -0.309026   0.00156876     0.182299     0.607942    0.0814468  -0.00614953     0.060854    0.0406142    -0.145341    -0.204578   0.00728995   -0.0560307     0.141944    0.0461228    0.0335377    0.0153981    0.0504279   -0.0205913    0.0535876   0.00976771   -0.0936484   -0.0511839    0.0106131  -0.00685523    -0.173813     0.114288    -0.218047
 -0.00147656  -0.00290373  -0.00257739  -0.00288587  -0.00108172   -0.0212936   -0.0139334  -0.00148027  -0.00549761  -0.00533981    0.0135449    0.0277202     0.122676    -0.132442   -0.0300068     0.114693     0.543285     0.385495     0.236333    -0.227782    -0.103496     0.437087    0.0359544     0.231296    0.0025445     0.207912   -0.0462637   -0.0782465   -0.0388819   -0.0123969     -0.17277    -0.245978    0.0100474
  -0.0050072  -0.00681083  -0.00661778   -0.0129261    0.0096411    -0.051889   -0.0340805  -0.00763273  -0.00446574   -0.0160531   -0.0292436    0.0716981      0.18303    -0.205623   -0.0412001   0.00849929     0.323751   -0.0278621   -0.0268952    0.0623267   -0.0155811   -0.0661007   -0.0552863    -0.712561   -0.0382221    -0.434819    0.0540792    0.0413374   0.00866956  -0.00523491    -0.174375    -0.245978    0.0100474
  -0.0217612   -0.0194349   -0.0178929   -0.0592306    0.0540598    -0.146499    -0.108834   -0.0427704   -0.0536897   -0.0159662    -0.105694      0.28407      0.21979    -0.258303   -0.0472945   -0.0637092     0.119317    -0.654802    -0.293333    0.0277788    0.0215064  0.000210542  -0.00598395     0.286211   0.00403191     0.193948   -0.0109261   -0.0090212  -0.00233633  -0.00530486    -0.173861    -0.245978    0.0100474
  -0.0684094   -0.0570007  -0.00260061    -0.127599     0.110078    -0.196559    -0.123587    -0.193198    -0.262931     0.115266    0.0303583      0.60342    -0.312091     0.389624    0.0771248   0.00195086    -0.197533     0.146463    0.0694929    0.0165385   -0.0455912    0.0742257   -0.0138094   -0.0696079   0.00321786   -0.0241263   0.00936408   0.00552501  -0.00182906  -0.00561142    -0.173969    -0.245978    0.0100474
   -0.159709    -0.102938     0.273425   0.00454188    -0.174538      0.33651     0.229516    -0.672922     0.255354   -0.0586739    0.0725791    -0.189029   -0.0843588     0.111354    0.0235825   -0.0105006   -0.0312157    -0.110804   -0.0467726    0.0178822   -0.0294277    0.0461743   -0.0107751  0.000575316  0.000856586    0.0158432   0.00670429    0.0032215  -0.00206757  -0.00592114    -0.173937    -0.245978    0.0100474
    0.509325     0.370963    -0.488812       0.4006   0.00679567     0.161079      0.10297   0.00314103     0.140837   -0.0257655    0.0591399  -0.00366267    -0.126128     0.141425    0.0308402  -0.00861311   -0.0558576   -0.0806913   -0.0340076    0.0192261    -0.030839    0.0513494   -0.0114259  -0.00599796  0.000930052    0.0117809   0.00673591   0.00331197  -0.00195544  -0.00584829    -0.173941    -0.245978    0.0100474
   -0.158284   -0.0981152     0.272322  -0.00248476     -0.17879     0.322628     0.208852     0.687727     0.245089   -0.0690672     0.069737     0.185626   -0.0987509     0.118149    0.0243529   -0.0158005    -0.093126   -0.0607564    -0.030022    0.0157405    -0.035127    0.0623606   -0.0111886  -0.00634885    0.0013915   0.00669452   0.00630522   0.00322593  -0.00172082  -0.00571409    -0.173949    -0.245978    0.0100474
  -0.0676898    -0.055521  -0.00194101    -0.128326     0.109727    -0.199665    -0.119467     0.182092     -0.26084     0.112214    0.0237584    -0.628695    -0.318456     0.321406     0.069702    0.0358855     0.212132    -0.201061   -0.0664668    0.0538629   0.00109128   -0.0442531  -0.00433409   -0.0103514  -0.00641332    0.0575493    0.0106004   0.00408958  -0.00223664  -0.00619015    -0.173934    -0.245978    0.0100474
  -0.0214199   -0.0200487   -0.0171196   -0.0579725    0.0537072     -0.14501    -0.103733    0.0364557   -0.0523608   -0.0150045    -0.111416    -0.279671     0.193519    -0.246729    -0.050145    -0.082673     -0.64519    0.0843612     0.032289   -0.0992694    -0.134622     0.403801   -0.0239053    0.0392989    0.0285566    -0.221173  -0.00257124   0.00124317  8.64903e-05  -0.00511942    -0.173959    -0.245978    0.0100474
 -0.00462623  -0.00651267   -0.0062338   -0.0118836    0.0101994   -0.0467845   -0.0297521   0.00731797 -0.000721162   -0.0166119   -0.0322114   -0.0642603      0.15529    -0.169518   -0.0370697   -0.0198608    -0.204812     0.286674     0.074185     0.102597    0.0808245    -0.446927   -0.0261069    -0.233145   -0.0824272     0.660492    0.0289281    0.0133974 -0.000709944  -0.00514871    -0.174052    -0.245978    0.0100473
-0.000939897  -0.00167424   -0.0019437  -0.00182334  0.000207091   -0.0124835    -0.007931   0.00126918 -0.000799939   -0.0049472   0.00945845  -0.00721417    0.0652064   -0.0692971    -0.020119    0.0396377    0.0289587     0.232357    0.0852423    0.0103088     0.291199    -0.517562     0.127943     0.479866     0.084643    -0.473637   -0.0666169   0.00713281   0.00240396   -0.0055972    -0.174454    -0.245978    0.0100474
-7.70783e-05  -0.00023398  -0.00026203  -0.00010375 -7.00957e-05  -0.00144817  0.000298171   8.7283e-05  0.000850719  -0.00117126   0.00165021 -0.000496135   0.00645901   0.00112967    0.0091835   0.00494369   0.00832534   0.00710378   0.00305246   0.00786441    0.0055785    0.0071684   -0.0485693    0.0043839    0.0597398   0.00644147  -0.00205145   0.00592062     0.115737     0.935636    -0.210055      0.13169     0.207999
 -0.00131726  -0.00474627  -0.00418777  -0.00149005 -0.000536274   -0.0257934   0.00956882   0.00271761     0.011044   -0.0161094    0.0216523  -0.00680971     0.103728    0.0325681     0.211873   -0.0201047    0.0217707    0.0131217    0.0419305    0.0871334    0.0475806   -0.0062219    -0.507311  -0.00956089     0.730162    0.0368699   -0.0161325   -0.0627639    -0.134709    -0.162449    -0.166097      0.13169     0.207999
  -0.0068305    -0.027205    -0.023161 -0.000498881  -0.00441133    -0.123873    0.0707895   0.00525366    0.0457677    -0.054234     0.126895   -0.0135142     0.309646     0.187077     0.444595    -0.124881   -0.0220802   -0.0448221    0.0286005    0.0340025     0.299559     0.149501     0.608813    -0.105976    0.0478266    0.0527702    0.0492032     0.037634    -0.105876   -0.0705505    -0.169324      0.13169     0.207999
  -0.0248704    -0.119358   -0.0776247     0.034475   -0.0129044    -0.307569     0.254723   0.00613361    0.0753747   -0.0843418     0.305376   -0.0107412      0.19743     0.292428    -0.606941    -0.115445  -0.00258507    0.0236634    -0.143385    -0.217335    -0.140535   -0.0834517   -0.0135344   0.00449229   -0.0219379   -0.0118387    0.0364414  -0.00143184     -0.11414   -0.0805798    -0.168862      0.13169     0.207999
  -0.0547593    -0.539971     -0.17659     0.396963    0.0470453     0.412924    -0.163747   0.00440437     -0.30739     0.147289    -0.205016  0.000923617    0.0165743    -0.016374   -0.0204385    0.0315179   -0.0114857    0.0214732    -0.107677    -0.164731    -0.010915   -0.0369395    0.0268613    -0.010604   -0.0818055  -0.00623104      0.02462   0.00220666    -0.112264   -0.0787379    -0.168983      0.13169     0.207999
    0.574638     0.051632     0.226602    -0.466317    -0.192576     0.106889     0.248954  -0.00256133    -0.242164    0.0994733    -0.215326   0.00761026   -0.0848307   -0.0966081  -0.00364466     0.054469   -0.0119537    0.0236517    -0.102611    -0.155381  0.000308795   -0.0331395    0.0184122   -0.0106168   -0.0886437  -0.00616329    0.0228528   0.00254321    -0.112337   -0.0789319    -0.168979      0.13169     0.207999
   -0.317102     0.518209     0.252441     0.400066    -0.339197    -0.193434   -0.0556993  -0.00754973    -0.159002    0.0339057    -0.134554   0.00730114    -0.190539    -0.130222    0.0234823    0.0358436  -0.00931074    0.0240769   -0.0967553    -0.151894   0.00638429   -0.0311605    0.0124416   -0.0103233   -0.0943031  -0.00591259    0.0224075   0.00314345    -0.112266    -0.078952    -0.168973      0.13169     0.207999
   -0.127064     0.106374    -0.124536    -0.227721     0.345452     0.170598    -0.137474  -0.00336023     0.166427     0.118607     0.524865    0.0127236    -0.318116    -0.386097     0.086928   -0.0503197    -0.017879    0.0496949    -0.163198    -0.100286  -0.00623301    -0.010462   0.00159718   0.00255833    -0.108379  -0.00773493    0.0156092   0.00685362    -0.113805   -0.0788733    -0.168941      0.13169     0.207999
  -0.0369885    0.0154218   -0.0618795    -0.115174     0.137916   -0.0164869    -0.179243  -0.00308469     0.327762      -0.1808    -0.292078   0.00617285   -0.0906102    0.0904499    -0.107593     0.148262   -0.0360578    -0.280101     0.602668    -0.133751     0.149499   -0.0386391    -0.108027   -0.0248262    -0.213142   -0.0108022    0.0535472   -0.0240935    -0.115078   -0.0781846     -0.16887      0.13169     0.207999
 -0.00544918  4.88123e-05   -0.0103667   -0.0196639    0.0188147   -0.0203132   -0.0465742  -0.00174446    0.0789414   -0.0598687    -0.130467  -0.00384349    0.0419833    0.0276704   -0.0365453    0.0258914    0.0580724     0.136125   -0.0675386     0.741409    -0.325615    0.0604806    0.0232617     0.122084    -0.212613    -0.052787      -0.3128    0.0208885    -0.151507   -0.0761324    -0.168059      0.13169     0.207999
-0.000177628 -0.000166768 -0.000427299 -0.000525436  0.000472972  -0.00145905  -0.00157536 -0.000295713   0.00236278  -0.00270006  -0.00298841  0.000675674   0.00800093  -0.00197482  -0.00113326   0.00933195     0.022893    0.0253865    0.0049595    0.0521783   -0.0256743    0.0232288   -0.0128646    0.0376243   -0.0177947   0.00585183     0.102642   0.00431611     0.915667    -0.220332    -0.186059      0.13169     0.207999